500 950 23
1 15 30 45 75 90 105 150 180 210 225 240 255 300 315 330 345 360 420 435 450 480 495
1 2 25
2 3 11
3 4 21
4 5 45
5 6 41
6 7 35
7 8 21
8 9 32
9 10 21
10 11 6
11 12 19
12 13 15
13 14 27
14 15 20
15 16 12
16 17 4
17 18 1
18 19 34
19 20 20
20 21 21
21 22 5
22 23 21
23 24 34
24 25 25
25 26 22
26 27 4
27 28 30
28 29 8
29 30 21
30 31 9
31 32 30
32 33 25
33 34 3
34 35 8
35 36 48
36 37 11
37 38 11
38 39 3
39 40 46
40 41 12
41 42 8
42 43 5
43 44 43
44 45 42
45 46 41
46 47 26
47 48 18
48 49 48
49 50 5
50 51 43
51 52 17
52 53 30
53 54 28
54 55 26
55 56 21
56 57 20
57 58 7
58 59 45
59 60 9
60 61 48
61 62 30
62 63 32
63 64 50
64 65 8
65 66 21
66 67 14
67 68 1
68 69 20
69 70 9
70 71 36
71 72 50
72 73 2
73 74 50
74 75 13
75 76 27
76 77 3
77 78 39
78 79 20
79 80 38
80 81 45
81 82 12
82 83 8
83 84 6
84 85 5
85 86 35
86 87 23
87 88 25
88 89 47
89 90 34
90 91 36
91 92 6
92 93 19
93 94 3
94 95 35
95 96 30
96 97 18
97 98 36
98 99 41
99 100 21
100 101 27
101 102 11
102 103 35
103 104 45
104 105 45
105 106 28
106 107 13
107 108 26
108 109 44
109 110 14
110 111 8
111 112 30
112 113 41
113 114 36
114 115 47
115 116 7
116 117 42
117 118 7
118 119 27
119 120 33
120 121 11
121 122 27
122 123 37
123 124 3
124 125 36
125 126 17
126 127 36
127 128 19
128 129 30
129 130 49
130 131 14
131 132 16
132 133 41
133 134 30
134 135 8
135 136 47
136 137 49
137 138 41
138 139 28
139 140 20
140 141 23
141 142 9
142 143 38
143 144 18
144 145 38
145 146 6
146 147 26
147 148 2
148 149 43
149 150 40
150 151 27
151 152 28
152 153 21
153 154 48
154 155 20
155 156 4
156 157 28
157 158 20
158 159 38
159 160 15
160 161 2
161 162 35
162 163 16
163 164 48
164 165 17
165 166 32
166 167 38
167 168 26
168 169 6
169 170 7
170 171 3
171 172 30
172 173 50
173 174 48
174 175 40
175 176 27
176 177 36
177 178 30
178 179 38
179 180 7
180 181 12
181 182 39
182 183 45
183 184 40
184 185 39
185 186 14
186 187 22
187 188 41
188 189 25
189 190 29
190 191 46
191 192 2
192 193 32
193 194 23
194 195 29
195 196 26
196 197 16
197 198 43
198 199 13
199 200 39
200 201 25
201 202 47
202 203 21
203 204 23
204 205 2
205 206 37
206 207 13
207 208 32
208 209 25
209 210 47
210 211 21
211 212 20
212 213 17
213 214 42
214 215 26
215 216 34
216 217 40
217 218 19
218 219 15
219 220 15
220 221 22
221 222 5
222 223 25
223 224 14
224 225 32
225 226 46
226 227 18
227 228 5
228 229 33
229 230 16
230 231 32
231 232 1
232 233 39
233 234 41
234 235 30
235 236 35
236 237 24
237 238 7
238 239 26
239 240 38
240 241 12
241 242 40
242 243 15
243 244 1
244 245 29
245 246 25
246 247 7
247 248 18
248 249 38
249 250 8
250 251 16
251 252 9
252 253 33
253 254 12
254 255 7
255 256 18
256 257 18
257 258 10
258 259 41
259 260 14
260 261 33
261 262 3
262 263 16
263 264 35
264 265 20
265 266 33
266 267 4
267 268 18
268 269 12
269 270 24
270 271 22
271 272 10
272 273 24
273 274 16
274 275 25
275 276 5
276 277 40
277 278 33
278 279 11
279 280 6
280 281 25
281 282 33
282 283 13
283 284 38
284 285 12
285 286 42
286 287 22
287 288 48
288 289 28
289 290 8
290 291 37
291 292 37
292 293 39
293 294 4
294 295 13
295 296 11
296 297 2
297 298 15
298 299 33
299 300 50
300 301 34
301 302 42
302 303 8
303 304 25
304 305 23
305 306 31
306 307 23
307 308 46
308 309 33
309 310 9
310 311 3
311 312 17
312 313 4
313 314 12
314 315 28
315 316 40
316 317 16
317 318 22
318 319 46
319 320 28
320 321 24
321 322 26
322 323 40
323 324 6
324 325 37
325 326 33
326 327 40
327 328 28
328 329 32
329 330 35
330 331 36
331 332 45
332 333 25
333 334 2
334 335 28
335 336 5
336 337 33
337 338 18
338 339 24
339 340 46
340 341 45
341 342 33
342 343 15
343 344 48
344 345 19
345 346 2
346 347 35
347 348 22
348 349 17
349 350 19
350 351 8
351 352 12
352 353 32
353 354 12
354 355 29
355 356 32
356 357 48
357 358 15
358 359 38
359 360 32
360 361 39
361 362 12
362 363 32
363 364 16
364 365 29
365 366 21
366 367 38
367 368 43
368 369 24
369 370 31
370 371 17
371 372 32
372 373 35
373 374 35
374 375 32
375 376 7
376 377 19
377 378 41
378 379 25
379 380 18
380 381 39
381 382 18
382 383 27
383 384 16
384 385 42
385 386 2
386 387 35
387 388 18
388 389 49
389 390 45
390 391 11
391 392 2
392 393 48
393 394 27
394 395 9
395 396 15
396 397 47
397 398 18
398 399 45
399 400 39
400 401 19
401 402 12
402 403 25
403 404 24
404 405 44
405 406 1
406 407 15
407 408 11
408 409 14
409 410 14
410 411 49
411 412 39
412 413 8
413 414 24
414 415 47
415 416 50
416 417 36
417 418 10
418 419 11
419 420 36
420 421 19
421 422 19
422 423 17
423 424 12
424 425 48
425 426 47
426 427 49
427 428 2
428 429 1
429 430 5
430 431 10
431 432 1
432 433 13
433 434 21
434 435 33
435 436 13
436 437 12
437 438 22
438 439 27
439 440 22
440 441 34
441 442 46
442 443 21
443 444 49
444 445 3
445 446 10
446 447 41
447 448 9
448 449 38
449 450 26
450 451 2
451 452 4
452 453 49
453 454 5
454 455 41
455 456 30
456 457 44
457 458 41
458 459 23
459 460 3
460 461 18
461 462 22
462 463 12
463 464 29
464 465 9
465 466 19
466 467 12
467 468 20
468 469 6
469 470 22
470 471 3
471 472 4
472 473 30
473 474 28
474 475 6
475 476 23
476 477 13
477 478 30
478 479 15
479 480 22
480 481 39
481 482 1
482 483 32
483 484 21
484 485 46
485 486 43
486 487 48
487 488 26
488 489 40
489 490 34
490 491 43
491 492 35
492 493 5
493 494 22
494 495 49
495 496 1
496 497 22
497 498 12
498 499 29
499 500 40
500 501 46
354 84 4
340 128 37
313 492 20
198 329 38
471 333 6
277 58 1
482 413 10
161 30 40
190 487 8
41 175 48
401 390 5
226 133 41
348 457 22
71 447 20
94 86 22
218 162 15
498 302 9
45 185 38
449 66 45
104 52 3
161 347 17
63 452 12
468 202 27
33 42 24
220 246 9
272 273 9
369 421 12
465 269 12
169 398 49
492 61 22
433 445 5
180 250 41
342 76 32
108 294 40
1 224 6
357 250 4
169 268 25
83 192 32
394 193 5
333 247 18
52 7 15
479 226 32
117 17 32
135 35 48
200 42 8
33 453 35
398 302 35
257 131 47
55 460 20
116 81 2
189 240 22
216 474 22
116 403 2
199 432 40
112 471 2
330 343 38
201 98 12
224 347 31
208 17 30
394 344 27
219 173 43
243 493 50
209 41 49
68 359 24
92 185 38
441 188 26
158 485 7
21 311 11
460 52 41
223 15 29
168 464 47
124 341 10
458 17 29
421 129 26
405 142 49
173 101 34
273 381 11
231 210 27
179 456 37
171 181 29
330 470 16
28 278 42
138 329 21
322 65 33
334 221 14
304 382 36
249 284 19
46 478 13
324 98 2
237 8 32
44 37 8
423 7 31
364 475 15
402 253 18
73 480 32
44 9 43
434 296 33
388 177 50
288 471 50
300 68 20
124 248 39
366 203 34
284 471 49
447 154 13
468 368 42
33 247 10
268 451 48
90 252 21
139 57 49
56 60 28
429 162 3
485 48 32
325 299 5
440 146 4
17 79 50
327 10 20
401 181 47
363 330 18
426 54 17
18 180 21
491 199 9
263 107 32
388 132 27
157 383 34
396 191 20
105 472 27
170 285 40
263 41 21
401 309 6
397 335 38
349 76 7
88 244 26
455 189 19
275 131 7
276 314 9
324 364 26
47 222 20
382 238 32
45 478 9
424 43 9
6 56 35
101 234 12
480 400 26
137 196 33
90 397 17
286 341 46
343 378 26
3 341 11
180 377 15
446 375 8
302 326 25
215 456 26
131 68 34
333 474 15
464 459 35
176 419 23
358 27 12
154 5 9
337 405 46
60 350 21
455 495 4
54 415 29
263 161 25
421 30 24
5 426 41
443 134 5
379 91 32
36 306 37
210 497 46
407 219 16
161 414 36
72 367 19
143 173 39
143 378 31
317 497 25
431 371 6
133 401 35
330 304 22
68 488 32
351 496 41
345 189 5
363 297 16
16 112 46
245 323 28
121 215 1
127 359 26
164 475 26
430 410 45
448 431 16
93 330 31
317 76 17
131 58 24
130 184 13
454 231 4
256 259 39
397 443 21
14 334 48
479 302 7
304 41 2
364 181 26
479 134 44
204 129 35
395 188 48
279 485 29
283 201 19
370 494 12
137 139 14
425 435 2
385 71 12
330 302 7
155 10 12
297 431 36
84 257 6
67 55 50
430 418 46
53 123 33
216 450 24
328 78 29
344 257 31
476 291 30
372 4 7
33 330 20
195 14 37
121 314 29
375 3 36
379 243 2
321 104 5
442 290 8
493 96 9
212 473 38
123 71 13
370 384 27
290 407 30
41 388 6
383 166 15
94 443 15
209 489 34
210 427 17
63 110 13
125 370 31
173 119 36
476 221 38
367 126 1
367 217 32
186 245 45
27 233 46
72 153 38
106 444 2
245 473 46
264 322 16
232 370 9
227 151 22
172 406 26
300 19 14
213 335 46
245 166 15
456 5 5
220 44 14
37 49 27
70 322 13
213 157 4
394 5 44
261 159 7
380 3 9
109 237 45
411 491 2
350 391 2
234 273 19
261 314 10
191 485 28
467 348 11
483 485 20
381 324 14
496 138 17
369 52 5
404 245 5
64 387 12
184 425 37
5 129 6
20 74 35
42 78 20
228 374 9
69 136 36
102 474 13
219 477 49
93 32 27
289 181 47
272 482 6
169 19 48
66 125 24
82 159 10
461 281 7
173 369 45
60 300 35
349 362 9
187 362 4
89 58 11
157 173 45
58 369 7
63 379 16
255 246 10
154 67 47
284 312 44
270 124 25
54 37 43
118 367 7
447 234 40
179 237 34
321 83 11
97 306 36
290 459 7
169 164 29
258 392 6
81 359 27
257 8 50
432 262 45
493 383 46
175 446 27
110 197 12
356 398 44
132 367 5
110 113 11
30 419 11
380 242 38
28 191 32
93 289 38
443 117 29
326 101 35
239 174 35
233 455 21
53 424 45
339 329 25
32 57 28
342 24 43
486 130 11
314 296 43
52 218 32
401 385 50
365 262 2
33 448 6
318 81 23
258 23 25
368 375 36
196 74 23
421 454 22
494 208 2
379 419 22
109 208 1
37 203 14
481 150 46
31 450 17
1 21 4
111 34 50
101 22 24
308 150 15
62 421 30
451 47 25
301 345 32
371 231 4
435 438 22
440 137 18
89 321 19
193 396 44
211 119 26
384 111 38
101 78 22
472 97 8
421 22 30
483 284 41
163 283 27
489 470 34
452 245 3
328 317 37
19 216 30
263 488 30
119 4 5
236 42 45
103 172 30
455 17 11
479 450 25
443 109 20
319 415 8
357 136 49
359 140 44
71 62 34
328 54 26
17 319 41
462 393 12
223 13 14
390 474 11
127 249 3
324 288 7
238 116 11
498 37 30
341 490 40
130 233 38
252 25 46
295 431 49
19 273 4
26 468 9
341 264 48
108 185 21
468 441 37
2 68 25
157 434 7
352 328 15
92 336 28
42 150 41
70 383 37
168 407 43
225 221 38
465 406 6
80 211 33
253 264 41
229 194 6
277 439 17
247 79 15
203 34 17
436 19 21
360 116 8
187 29 34
37 36 44
37 337 11
159 500 31
17 439 1
262 199 38
81 381 9
204 74 45
229 224 1
165 405 36
262 206 31
89 356 36
248 202 34
395 204 36
4 444 10
301 19 43
286 73 35
465 71 49
3 314 40
407 184 33
481 162 36
478 448 9
371 314 16
174 191 27
215 328 31
421 468 34
220 286 42
353 269 16
465 169 17
164 92 11
